# Created by Octave 5.1.0, Wed Mar 20 22:55:32 2019 CET <gboehl@dyfn>
# name: cofintintb1
# type: scalar
0.81030000000000002


# name: cofintintb2
# type: scalar
0


# name: cofintintb3
# type: scalar
0


# name: cofintintb4
# type: scalar
0


# name: cofintinf0
# type: scalar
0.38780370999999991


# name: cofintinfb1
# type: scalar
0


# name: cofintinfb2
# type: scalar
0


# name: cofintinfb3
# type: scalar
0


# name: cofintinfb4
# type: scalar
0


# name: cofintinff1
# type: scalar
0


# name: cofintinff2
# type: scalar
0


# name: cofintinff3
# type: scalar
0


# name: cofintinff4
# type: scalar
0


# name: cofintout
# type: scalar
0.96572616


# name: cofintoutb1
# type: scalar
-0.89880000000000004


# name: cofintoutb2
# type: scalar
0


# name: cofintoutb3
# type: scalar
0


# name: cofintoutb4
# type: scalar
0


# name: cofintoutf1
# type: scalar
0


# name: cofintoutf2
# type: scalar
0


# name: cofintoutf3
# type: scalar
0


# name: cofintoutf4
# type: scalar
0


# name: cofintoutp
# type: scalar
0


# name: cofintoutpb1
# type: scalar
0


# name: cofintoutpb2
# type: scalar
0


# name: cofintoutpb3
# type: scalar
0


# name: cofintoutpb4
# type: scalar
0


# name: cofintoutpf1
# type: scalar
0


# name: cofintoutpf2
# type: scalar
0


# name: cofintoutpf3
# type: scalar
0


# name: cofintoutpf4
# type: scalar
0


# name: std_r_
# type: scalar
1


# name: std_r_quart
# type: scalar
0.25


