function [ys_, params, info] = GPM6_IMF13_steadystate2(ys_, exo_, params)
% Steady state generated by Dynare preprocessor
    info = 0;
    ys_(292)=0;
    ys_(293)=0;
    ys_(294)=0;
    ys_(295)=0;
    ys_(296)=0;
    ys_(1)=10.65;
    ys_(2)=10.65;
    ys_(3)=3;
    ys_(4)=3;
    ys_(5)=4;
    ys_(6)=4;
    ys_(64)=58.19478381;
    ys_(65)=29.01755959;
    ys_(66)=(-1.10100714);
    ys_(67)=119.54175735;
    ys_(68)=132.45203912;
    ys_(69)=36.64229893;
    ys_(70)=92.8659522;
    ys_(71)=753.7285114;
    ys_(72)=1319.88943261;
    ys_(73)=48.63118002;
    ys_(74)=11.93027692;
    ys_(75)=948.33249637;
    ys_(76)=92.8659522;
    ys_(77)=753.7285114;
    ys_(78)=1319.88943261;
    ys_(79)=48.63118002;
    ys_(80)=11.93027692;
    ys_(81)=948.33249637;
    ys_(82)=139.63325594;
    ys_(83)=(-32.56204508);
    ys_(84)=450.70437743;
    ys_(85)=1761.99044765;
    ys_(86)=94.51281089;
    ys_(87)=118.08077106;
    ys_(88)=(-24.93730574);
    ys_(89)=488.4476835;
    ys_(90)=1679.09098923;
    ys_(91)=(-1.2969293);
    ys_(92)=118.08077106;
    ys_(93)=(-24.93730574);
    ys_(94)=488.4476835;
    ys_(95)=1679.09098923;
    ys_(96)=(-1.2969293);
    ys_(97)=118.08077106;
    ys_(98)=(-24.93730574);
    ys_(99)=488.4476835;
    ys_(100)=1679.09098923;
    ys_(101)=(-1.2969293);
    ys_(125)=(-116.080912935);
    ys_(126)=(-160.063683088);
    ys_(127)=360.37130427;
    ys_(128)=1625.52464049;
    ys_(129)=(-116.151311987);
    ys_(130)=(-322.889129235);
    ys_(131)=(-116.080912935);
    ys_(132)=(-160.063683088);
    ys_(133)=360.37130427;
    ys_(134)=1625.52464049;
    ys_(135)=(-116.151311987);
    ys_(136)=(-322.889129235);
    ys_(137)=(-69.9304731561);
    ys_(138)=(-141.599985868);
    ys_(139)=381.502466206;
    ys_(140)=1643.09919784;
    ys_(141)=(-92.8488187296);
    ys_(142)=(-338.234897143);
    ys_(143)=(-69.9304731561);
    ys_(144)=(-141.599985868);
    ys_(145)=381.502466206;
    ys_(146)=1643.09919784;
    ys_(147)=(-92.8488187296);
    ys_(148)=(-338.234897143);
    ys_(7)=0;
    ys_(8)=0;
    ys_(9)=0;
    ys_(10)=0;
    ys_(11)=0;
    ys_(12)=0;
    ys_(13)=0;
    ys_(14)=0;
    ys_(15)=0;
    ys_(16)=0;
    ys_(17)=0;
    ys_(18)=0;
    ys_(19)=0;
    ys_(20)=0;
    ys_(21)=0;
    ys_(22)=0;
    ys_(23)=0;
    ys_(24)=0;
    ys_(25)=0;
    ys_(26)=0;
    ys_(27)=0;
    ys_(28)=0;
    ys_(29)=0;
    ys_(30)=0;
    ys_(31)=0;
    ys_(32)=0;
    ys_(33)=0;
    ys_(34)=params(97);
    ys_(35)=params(98);
    ys_(36)=params(99);
    ys_(37)=params(100);
    ys_(38)=params(101);
    ys_(39)=params(102);
    ys_(40)=params(97);
    ys_(41)=params(98);
    ys_(42)=params(99);
    ys_(43)=params(100);
    ys_(44)=params(101);
    ys_(45)=params(102);
    ys_(46)=params(97);
    ys_(47)=params(98);
    ys_(48)=params(99);
    ys_(49)=params(100);
    ys_(50)=params(101);
    ys_(51)=params(102);
    ys_(52)=params(97);
    ys_(53)=params(98);
    ys_(54)=params(99);
    ys_(55)=params(100);
    ys_(56)=params(101);
    ys_(57)=params(102);
    ys_(58)=params(97);
    ys_(59)=params(98);
    ys_(60)=params(99);
    ys_(61)=params(100);
    ys_(62)=params(101);
    ys_(63)=params(102);
    ys_(102)=0;
    ys_(103)=0;
    ys_(104)=0;
    ys_(105)=0;
    ys_(106)=0;
    ys_(107)=params(136);
    ys_(108)=params(132);
    ys_(109)=params(133);
    ys_(110)=params(135);
    ys_(111)=params(137);
    ys_(112)=params(134);
    ys_(113)=params(136);
    ys_(114)=params(132);
    ys_(115)=params(133);
    ys_(116)=params(135);
    ys_(117)=params(137);
    ys_(118)=params(134);
    ys_(119)=params(136);
    ys_(120)=params(132);
    ys_(121)=params(133);
    ys_(122)=params(135);
    ys_(123)=params(137);
    ys_(124)=params(134);
    ys_(149)=0;
    ys_(150)=0;
    ys_(151)=0;
    ys_(152)=params(144);
    ys_(153)=params(145);
    ys_(154)=params(146);
    ys_(155)=params(147);
    ys_(156)=params(148);
    ys_(157)=params(149);
    ys_(158)=params(144);
    ys_(159)=params(145);
    ys_(160)=params(146);
    ys_(161)=params(147);
    ys_(162)=params(148);
    ys_(163)=params(149);
    ys_(262)=params(149);
    ys_(263)=params(149);
    ys_(264)=params(145);
    ys_(265)=params(145);
    ys_(266)=params(146);
    ys_(267)=params(146);
    ys_(268)=params(144);
    ys_(269)=params(144);
    ys_(270)=params(147);
    ys_(271)=params(147);
    ys_(272)=params(148);
    ys_(273)=params(148);
    ys_(274)=params(149);
    ys_(275)=params(149);
    ys_(276)=params(145);
    ys_(277)=params(145);
    ys_(278)=params(146);
    ys_(279)=params(146);
    ys_(280)=params(144);
    ys_(281)=params(144);
    ys_(282)=params(147);
    ys_(283)=params(147);
    ys_(284)=params(148);
    ys_(285)=params(148);
    ys_(286)=0;
    ys_(287)=0;
    ys_(288)=0;
    ys_(289)=0;
    ys_(290)=0;
    ys_(291)=0;
    ys_(164)=params(136)+params(144);
    ys_(165)=params(132)+params(145);
    ys_(166)=params(133)+params(146);
    ys_(167)=params(135)+params(147);
    ys_(168)=params(137)+params(148);
    ys_(169)=params(134)+params(149);
    ys_(170)=9.9;
    ys_(171)=4.93444444;
    ys_(172)=9.7;
    ys_(173)=9.9;
    ys_(180)=4.93444444;
    ys_(181)=9.7;
    ys_(174)=0;
    ys_(175)=0;
    ys_(176)=0;
    ys_(177)=0;
    ys_(178)=0;
    ys_(179)=0;
    ys_(182)=0;
    ys_(183)=0;
    ys_(184)=0;
    ys_(185)=0;
    ys_(186)=0;
    ys_(187)=0;
    ys_(188)=0;
    ys_(189)=0;
    ys_(190)=0;
    ys_(191)=0;
    ys_(192)=0;
    ys_(193)=0;
    ys_(194)=0;
    ys_(195)=0;
    ys_(196)=0;
    ys_(197)=0;
    ys_(198)=0;
    ys_(199)=0;
    ys_(200)=0;
    ys_(201)=0;
    ys_(202)=0;
    ys_(203)=0;
    ys_(204)=0;
    ys_(205)=0;
    ys_(206)=0;
    ys_(207)=0;
    ys_(208)=0;
    ys_(209)=0;
    ys_(210)=0;
    ys_(211)=0;
    ys_(212)=0;
    ys_(213)=0;
    ys_(214)=params(136);
    ys_(215)=params(132);
    ys_(216)=params(133);
    ys_(217)=params(135);
    ys_(218)=params(137);
    ys_(219)=params(134);
    ys_(238)=params(136);
    ys_(239)=params(132);
    ys_(240)=params(133);
    ys_(241)=params(135);
    ys_(242)=params(137);
    ys_(243)=params(134);
    ys_(244)=params(136);
    ys_(245)=params(132);
    ys_(246)=params(133);
    ys_(247)=params(135);
    ys_(248)=params(137);
    ys_(249)=params(134);
    ys_(220)=0;
    ys_(221)=0;
    ys_(222)=0;
    ys_(223)=0;
    ys_(224)=0;
    ys_(225)=0;
    ys_(226)=0;
    ys_(227)=0;
    ys_(228)=0;
    ys_(229)=0;
    ys_(230)=0;
    ys_(231)=0;
    ys_(232)=0;
    ys_(233)=0;
    ys_(234)=0;
    ys_(235)=0;
    ys_(236)=0;
    ys_(237)=0;
    ys_(250)=0;
    ys_(251)=0;
    ys_(252)=0;
    ys_(253)=0;
    ys_(254)=0;
    ys_(255)=0;
    ys_(256)=0;
    ys_(257)=0;
    ys_(258)=0;
    ys_(259)=0;
    ys_(260)=0;
    ys_(261)=0;
    % Auxiliary equations
ys_(297)=ys_(294);
ys_(298)=ys_(294);
ys_(299)=ys_(294);
ys_(300)=ys_(295);
ys_(301)=ys_(295);
ys_(302)=ys_(295);
ys_(303)=ys_(296);
ys_(304)=ys_(296);
ys_(305)=ys_(296);
ys_(306)=ys_(107);
ys_(307)=ys_(107);
ys_(308)=ys_(107);
ys_(309)=ys_(182);
ys_(310)=ys_(182);
ys_(311)=ys_(182);
ys_(312)=ys_(182);
ys_(313)=ys_(182);
ys_(314)=ys_(182);
ys_(315)=ys_(182);
ys_(316)=ys_(158);
ys_(317)=ys_(158);
ys_(318)=ys_(152);
ys_(319)=ys_(152);
ys_(320)=ys_(268);
ys_(321)=ys_(268);
ys_(322)=ys_(268);
ys_(323)=ys_(268);
ys_(324)=ys_(268);
ys_(325)=ys_(268);
ys_(326)=ys_(268);
ys_(327)=ys_(268);
ys_(328)=ys_(268);
ys_(329)=ys_(268);
ys_(330)=ys_(268);
ys_(331)=ys_(268);
ys_(332)=ys_(268);
ys_(333)=ys_(268);
ys_(334)=ys_(268);
ys_(335)=ys_(269);
ys_(336)=ys_(269);
ys_(337)=ys_(269);
ys_(338)=ys_(269);
ys_(339)=ys_(269);
ys_(340)=ys_(269);
ys_(341)=ys_(269);
ys_(342)=ys_(269);
ys_(343)=ys_(269);
ys_(344)=ys_(269);
ys_(345)=ys_(269);
ys_(346)=ys_(269);
ys_(347)=ys_(269);
ys_(348)=ys_(269);
ys_(349)=ys_(269);
ys_(350)=ys_(108);
ys_(351)=ys_(108);
ys_(352)=ys_(108);
ys_(353)=ys_(183);
ys_(354)=ys_(183);
ys_(355)=ys_(183);
ys_(356)=ys_(183);
ys_(357)=ys_(183);
ys_(358)=ys_(183);
ys_(359)=ys_(183);
ys_(360)=ys_(159);
ys_(361)=ys_(159);
ys_(362)=ys_(153);
ys_(363)=ys_(153);
